411,4
411,3
411,2
411,1
411,0
405,7
405,6
410,84
410,83
410,82
410,81
410,80
410,79
410,78
410,77
410,76
410,75
410,74
410,73
410,72
410,71
410,70
410,69
410,68
410,67
410,66
410,65
410,64
410,37
410,36
410,35
410,34
410,33
410,32
410,31
410,30
410,29
410,28
410,27
410,26
410,25
410,24
410,23
410,22
410,21
410,20
410,19
410,18
410,17
410,16
410,15
410,14
410,13
410,12
410,11
410,10
410,9
410,8
410,7
410,6
410,5
410,4
410,3
410,2
410,1
410,0
409,5
409,4
409,3
409,2
409,1
409,0
408,5
408,4
408,3
408,2
408,1
408,0
407,5
407,4
407,3
407,2
407,1
407,0
406,3
406,2
406,1
406,0
405,5
405,4
405,3
405,2
405,1
405,0
404,64
404,37
404,36
404,35
404,34
404,33
404,32
404,31
404,30
404,29
404,28
404,27
404,26
404,25
404,24
404,23
404,22
404,21
404,20
404,19
404,18
404,17
404,16
404,15
404,14
404,13
404,12
404,11
404,10
404,9
404,8
404,7
404,6
404,5
404,4
404,3
404,2
404,1
404,0
402,3
402,2
402,1
400,6
400,5
400,4
400,3
400,2
400,1
399,6
399,5
399,4
399,3
399,2
399,1
398,6
398,5
398,4
398,3
398,2
398,1
397,5
397,4
397,3
397,2
397,1
396,6
396,5
396,4
396,3
396,2
396,1
395,6
395,5
395,4
395,3
395,2
395,1
394,6
394,5
394,4
394,3
394,2
394,1
393,6
393,5
393,4
393,3
393,2
393,1
392,6
392,5
392,4
392,3
392,2
392,1
387,3
387,2
387,1
386,4
386,3
386,2
386,1
379,6
379,5
379,4
379,3
379,2
379,1
378,5
378,4
378,3
378,2
378,1
377,6
377,5
377,4
377,3
377,2
377,1
376,5
376,4
376,3
376,2
376,1
375,4
375,3
375,2
375,1
374,5
374,4
374,3
374,2
374,1
373,5
373,4
373,3
373,2
373,1
372,9
372,8
372,7
372,6
372,5
372,4
372,3
372,2
372,1
367,5
367,4
367,3
367,2
367,1
366,5
366,4
366,3
366,2
366,1
365,6
365,5
365,4
365,3
365,2
365,1
363,6
363,5
363,4
363,3
363,2
363,1
362,5
362,4
362,3
362,2
362,1
361,6
361,5
361,4
361,3
361,2
361,1
360,6
360,5
360,4
360,3
360,2
360,1
359,9
359,8
359,7
359,6
359,5
359,4
359,3
359,2
359,1
358,4
358,3
358,2
358,1
357,8
357,7
357,6
357,5
357,4
357,3
357,2
357,1
356,6
356,5
356,4
356,3
356,2
356,1
355,5
355,4
355,3
355,2
355,1
352,5
352,4
352,3
352,2
352,1
351,5
351,4
351,3
351,2
351,1
350,5
350,4
350,3
350,2
350,1
349,5
349,4
349,3
349,2
349,1
348,5
348,4
348,3
348,2
348,1
347,6
347,5
347,4
347,3
347,2
347,1
346,9
346,8
346,7
346,6
346,5
346,4
346,3
346,2
346,1
345,8
345,7
345,6
345,5
345,4
345,3
345,2
345,1
343,6
343,5
343,4
343,3
343,2
343,1
339,6
339,5
339,4
339,3
339,2
339,1
338,9
338,8
338,7
338,6
338,5
338,4
338,3
338,2
338,1
337,5
337,4
337,3
337,2
337,1
336,5
336,4
336,3
336,2
336,1
335,5
335,4
335,3
335,2
335,1
334,6
334,5
334,4
334,3
334,2
334,1
333,6
333,5
333,4
333,3
333,2
333,1
332,7
332,6
332,5
332,4
332,3
332,2
332,1
331,5
331,4
331,3
331,2
331,1
329,5
329,4
329,3
329,2
329,1
328,5
328,4
328,3
328,2
328,1
327,5
327,4
327,3
327,2
327,1
326,7
326,6
326,5
326,4
326,3
326,2
326,1
325,5
325,4
325,3
325,2
325,1
324,6
324,5
324,4
324,3
324,2
324,1
323,14
323,13
323,12
323,11
323,10
323,9
323,8
323,7
323,6
323,5
323,4
323,3
323,2
323,1
320,6
320,5
320,4
320,3
320,2
320,1
319,9
319,8
319,7
319,6
319,5
319,4
319,3
319,2
319,1
316,4
316,3
316,2
316,1
314,6
314,5
314,4
314,3
314,2
314,1
313,8
313,7
313,6
313,5
313,4
313,3
313,2
313,1
312,5
312,4
312,3
312,2
312,1
300,6
300,5
300,4
300,3
300,2
300,1
299,5
299,4
299,3
299,2
299,1
298,4
298,3
298,2
298,1
289,5
289,4
289,3
289,2
289,1
288,7
288,6
288,5
288,4
288,3
288,2
288,1
287,5
287,4
287,3
287,2
287,1
286,5
286,4
286,3
286,2
286,1
279,6
279,5
279,4
279,3
279,2
279,1
278,6
278,5
278,4
278,3
278,2
278,1
277,4
277,3
277,2
277,1
276,5
276,4
276,3
276,2
276,1
275,9
275,8
275,7
275,6
275,5
275,4
275,3
275,2
275,1
274,5
274,4
274,3
274,2
274,1
273,6
273,5
273,4
273,3
273,2
273,1
271,4
271,3
271,2
271,1
267,8
267,7
267,6
267,5
267,4
267,3
267,2
267,1
261,6
261,5
261,4
261,3
261,2
261,1
260,11
260,10
260,9
260,8
260,7
260,6
260,5
260,4
260,3
260,2
260,1
259,5
259,4
259,3
259,2
259,1
258,6
258,5
258,4
258,3
258,2
258,1
252,6
252,5
252,4
252,3
252,2
252,1
251,6
251,5
251,4
251,3
251,2
251,1
250,5
250,4
250,3
250,2
250,1
249,12
249,11
249,10
249,9
249,8
249,7
249,6
249,5
249,4
249,3
249,2
249,1
248,6
248,5
248,4
248,3
248,2
248,1
247,6
247,5
247,4
247,3
247,2
247,1
246,3
246,2
246,1
244,6
244,5
244,4
244,3
244,2
244,1
243,6
243,5
243,4
243,3
243,2
243,1
242,4
242,3
242,2
242,1
241,7
241,6
241,5
241,4
241,3
241,2
241,1
240,5
240,4
240,3
240,2
240,1
239,6
239,5
239,4
239,3
239,2
239,1
231,8
231,7
231,6
231,5
231,4
231,3
231,2
231,1
230,6
230,5
230,4
230,3
230,2
230,1
227,4
227,3
227,2
227,1
226,8
226,7
226,6
226,5
226,4
226,3
226,2
226,1
223,4
223,3
223,2
223,1
222,5
222,4
222,3
222,2
222,1
221,6
221,5
221,4
221,3
221,2
221,1
220,8
220,7
220,6
220,5
220,4
220,3
220,2
220,1
219,4
219,3
219,2
219,1
218,5
218,4
218,3
218,2
218,1
217,139
217,138
217,135
217,134
217,133
217,132
217,131
217,130
217,129
217,128
217,127
217,126
217,125
217,124
217,123
217,122
217,121
217,120
217,119
217,118
217,117
217,116
217,115
217,113
217,112
217,111
217,110
217,109
217,108
217,107
217,106
217,105
217,104
217,103
217,102
217,101
217,100
217,99
217,98
217,96
217,95
217,94
217,93
217,92
217,91
217,90
217,89
217,88
217,87
217,86
217,85
217,84
217,83
217,82
217,81
217,80
217,79
217,78
217,77
217,76
217,75
217,74
217,73
217,72
217,71
217,70
217,69
217,68
217,67
217,66
217,65
217,64
217,35
217,34
217,31
217,30
217,29
217,28
217,27
217,26
217,25
217,24
217,23
217,22
217,21
217,20
217,19
217,18
217,17
217,16
217,15
217,14
217,13
217,12
217,11
217,10
217,9
217,5
217,4
217,3
217,2
217,1
216,5
216,4
216,3
216,2
216,1
215,3
215,2
215,1
214,127
214,65
214,64
214,35
214,34
214,33
214,32
214,31
214,30
214,29
214,28
214,27
214,26
214,25
214,24
214,23
214,22
214,21
214,20
214,19
214,18
214,17
214,16
214,15
214,14
214,13
214,12
214,11
214,10
214,9
214,8
214,7
214,6
214,5
214,4
214,3
214,2
214,1
2,74
2,73
2,72
2,71
2,70
4,3
2,69
2,68
2,67
2,66
2,65
2,64
2,35
2,34
2,33
2,32
2,31
2,30
2,29
2,28
2,27
2,26
2,25
2,24
2,23
2,22
2,21
2,20
2,19
2,18
2,17
2,16
2,15
2,14
2,13
2,12
2,11
2,10
2,9
2,8
2,7
2,6
2,5
2,3
2,2
2,0
1,3
2,1
0,485
0,484
0,461
0,410
0,386
0,385
0,383
0,379
0,367
0,346
0,330
0,324
0,321
0,310
0,243
0,9
0,0
0,1
0,467
0,300
0,481
0,299
0,437
0,298
0,480
0,297
0,362
0,296
0,436
0,295
0,370
0,294
0,344
0,293
0,353
0,292
0,435
0,291
0,369
0,290
0,463
0,289
0,343
0,288
0,434
0,287
0,433
0,286
0,359
0,285
0,432
0,284
0,448
0,283
0,332
0,282
0,431
0,281
0,318
0,280
0,382
0,279
0,430
0,278
0,277
0,428
0,276
0,462
0,275
0,427
0,274
0,273
0,317
0,272
0,358
0,271
0,368
0,270
0,366
0,269
0,381
0,268
0,267
0,380
0,266
0,331
0,265
0,339
0,264
0,424
0,263
0,351
0,262
0,423
0,261
0,350
0,260
0,342
0,259
0,466
0,258
0,456
0,257
0,475
0,256
0,255
0,349
0,254
0,357
0,253
0,477
0,252
0,365
0,251
0,453
0,250
0,422
0,249
0,315
0,248
0,460
0,247
0,452
0,246
0,455
0,245
0,443
0,244
0,454
0,242
0,420
0,241
0,348
0,240
0,377
0,239
0,459
0,238
0,447
0,237
0,307
0,236
0,327
0,235
0,458
0,234
0,347
0,233
0,322
0,232
0,418
0,231
0,441
0,230
0,395
0,229
0,470
0,228
0,376
0,227
0,483
0,226
0,416
0,225
0,476
0,224
0,414
0,223
0,413
0,222
0,412
0,221
0,341
0,220
0,474
0,219
0,301
0,218
0,217
0,469
0,216
0,464
0,215
0,468
0,214
0,364
0,213
0,361
0,212
0,211
0,356
0,210
0,404
0,209
0,313
0,208
0,403
0,207
0,479
0,206
0,473
0,205
0,402
0,204
0,401
0,203
0,457
0,202
0,482
0,201
0,451
0,200
0,472
0,199
0,198
0,197
0,373
0,196
0,440
0,195
0,360
0,194
0,400
0,193
0,335
0,192
0,399
0,63
0,450
0,62
0,478
0,61
0,340
0,60
0,393
0,59
0,334
0,58
0,391
0,57
0,312
0,56
0,363
0,55
0,471
0,54
0,354
0,53
0,320
0,52
0,333
0,51
0,372
0,50
0,345
0,49
0,328
0,48
0,371
0,47
0,326
0,46
0,449
0,45
0,465
0,6
0,5
0,304
0,303
0,306
0,305
0,302
0,309
0,12
0,329
0,10
0,8
0,378
0,11
0,4
0,2
0,3
0,7
402,0
400,0
399,0
398,0
397,0
396,0
395,0
394,0
393,0
392,0
387,0
386,0
379,0
378,0
377,0
376,0
375,0
374,0
373,0
372,0
367,0
366,0
365,0
363,0
362,0
361,0
360,0
359,0
358,0
357,0
356,0
355,0
352,0
351,0
350,0
349,0
348,0
347,0
346,0
345,0
343,0
339,0
338,0
337,0
336,0
335,0
334,0
333,0
332,0
331,0
329,0
328,0
327,0
326,0
325,0
324,0
323,0
320,0
319,0
316,0
314,0
313,0
312,0
300,0
299,0
298,0
289,0
288,0
287,0
286,0
279,0
278,0
277,0
276,0
275,0
274,0
273,0
271,0
267,0
261,0
260,0
259,0
258,0
252,0
251,0
250,0
249,0
248,0
247,0
246,0
244,0
243,0
242,0
241,0
240,0
239,0
231,0
230,0
227,0
226,0
223,0
222,0
221,0
220,0
219,0
218,0
217,0
216,0
215,0
214,0
